structure(c(0.00692106986500766, 0.00193908436865515, 0.0024071706207414, 
-0.00213567503811605, 0.00259440753580861, 0.00163809198514887, 
-0.0114769869497437, 0.00155664452141868, 0.00147186459305301, 
0.000965389950355973, 0.00119000926262688, 0.00163813798546946, 
-0.00380525852420085, -0.000171649701419235, -0.00522166389412537, 
-0.000288021745343167, 0.00155664452141868, 0.000833385381508395, 
0.000965389950355973, 0.00147186459305301, 0.00138311495303819, 
0.000678299553824656, 0.00108281491720923, 0.000965389950355973, 
0.00171670172034954, -0.00151745181012107, 0.000694040797598111, 
0.00133728001927523, 0.00179286705064438, 0.000833385381508395, 
0.00186690692640869, -0.00697319693747035, 0.000965389950355973, 
0.00179286705064438, 0.00155664452141868, 0.000965389950355973, 
0.00147186459305301, 0.0017929096516638, 0.000965389950355973, 
0.00147186459305301, 0.00147186459305301, 0.00186690692640869, 
0.00108281491720923, 0.000871177232839417, 0.00119000926262688, 
0.00108281491720923, -0.00604778726555353, -0.0038134954581367, 
-0.0124992950931977, 0.00381347481233154, 0.0124993018553812, 
0.0019390843812552, 0.000801321827825647, 0.000994757315798412, 
-0.000723140053923164, 0.00107213250864596, 0.000676937468467474, 
-0.00504807957728347, 0.000643279505187592, 0.000608244409104507, 
0.00039894501346314, 0.000491768389692379, 0.000676930108014265, 
-0.00174314974605865, 7.72721057086238e-05, -0.00188685422730355, 
-0.000507221427657189, 0.000643279505187592, 0.0003443944513112, 
0.00039894501346314, 0.000608244409104507, 0.000571568839474881, 
0.000280305615918382, 0.000447470591101278, 0.00039894501346314, 
0.000709422747460831, -0.000777905604389826, -4.74022895479535e-05, 
0.000243894981017783, 0.000740897882145786, 0.0003443944513112, 
0.000771494678009762, -0.00198071913079607, 0.00039894501346314, 
0.000740897882145786, 0.000643279505187592, 0.00039894501346314, 
0.000608244409104507, 0.000740891065610465, 0.00039894501346314, 
0.000608244409104507, 0.000608244409104507, 0.000771494678009762, 
0.000447470591101278, 0.000360024696405482, 0.000491768389692379, 
0.000447470591101278, -0.00249923315573181, -0.000809924397061713, 
-0.00406933501411156, 0.000809917208435368, 0.0040693372156642, 
0.00240717063663308, 0.000994757315802601, 0.00123488726124409, 
-0.000897702813080031, 0.00133094047790941, 0.000840347131097421, 
-0.00626666330033868, 0.000798564286745562, 0.000755071875920973, 
0.000495248546794542, 0.000610479068883436, 0.000840337993863805, 
-0.00216393826074048, 9.59252447180961e-05, -0.00234233235797194, 
-0.000629662400762627, 0.000798564286745562, 0.000427529724097564, 
0.000495248546794542, 0.000755071875920973, 0.00070954298860834, 
0.000347970131865691, 0.000555487980793412, 0.000495248546794542, 
0.000880674210445899, -0.000965688521230105, -5.88449892100255e-05, 
0.000302770133335807, 0.000919747301189924, 0.000427529724097564, 
0.000957730026068902, -0.0024588558274007, 0.000495248546794542, 
0.000919747301189924, 0.000798564286745562, 0.000495248546794542, 
0.000755071875920973, 0.000919738839173534, 0.000495248546794542, 
0.000755071875920973, 0.000755071875920973, 0.000957730026068902, 
0.000555487980793412, 0.000446933040112945, 0.000610479068883436, 
0.000555487980793412, -0.00310253680759773, -0.00100543650610003, 
-0.00505165419810026, 0.00100542758216916, 0.00505165693110082, 
-0.00213567502740962, -0.000723140054288373, -0.000897702813489958, 
0.00956510260383114, -0.000967528817494652, -0.00061089138059095, 
-0.0125105880100115, -0.000580517290494876, -0.000548900428950006, 
-0.000360021540256209, -0.000443788510022399, -0.000610906809374635, 
-0.0079671883999606, 0.00821572660959873, -0.00218597421301395, 
0.00602879175947791, -0.000580517290494876, -0.000310793258800239, 
-0.000360021540256209, -0.000548900428950006, -0.000515803148316284, 
-0.000252957315367999, -0.000403812670896523, -0.000360021540256209, 
-0.000640207200525829, -0.00773047500291895, 0.00483910220135077, 
0.00421055590900983, -0.000668611431903317, -0.000310793258800239, 
-0.000696223020472609, 0.0113903110892714, -0.000360021540256209, 
-0.000668611431903317, -0.000580517290494876, -0.000360021540256209, 
-0.000548900428950006, -0.000668625720540982, -0.000360021540256209, 
-0.000548900428950006, -0.000548900428950006, -0.000696223020472609, 
-0.000403812670896523, -0.000324887763177663, -0.000443788510022399, 
-0.000403812670896523, 0.00225539294845066, 0.00369235042673905, 
0.0099009118426692, -0.00369233479953282, -0.0099009171991964, 
0.00259440755274438, 0.00107213250855557, 0.00133094047779126, 
-0.000967528817293282, 0.00143446500030764, 0.000905711838865949, 
-0.00675410307328547, 0.000860679000184629, 0.000813803619848391, 
0.000533770456772044, 0.000657963952760142, 0.000905701990910876, 
-0.00233225583631217, 0.000103386596222044, -0.00252452595897539, 
-0.000678639421728075, 0.000860679000184629, 0.000460784261947246, 
0.000533770456772044, 0.000813803619848391, 0.000764733359805305, 
0.000375036287195937, 0.000598695493724365, 0.000533770456772044, 
0.000949175678797233, -0.00104080265607498, -6.34221283310827e-05, 
0.000326320497660436, 0.000991287991148038, 0.000460784261947246, 
0.00103222512572291, -0.0026501129720491, 0.000533770456772044, 
0.000991287991148038, 0.000860679000184629, 0.000533770456772044, 
0.000813803619848391, 0.000991278870930615, 0.000533770456772044, 
0.000813803619848391, 0.000813803619848391, 0.00103222512572291, 
0.000598695493724365, 0.000481696825789205, 0.000657963952760142, 
0.000598695493724365, -0.00334386137962858, -0.00108364235818737, 
-0.00544458693790122, 0.0010836327401268, 0.00544458988348474, 
0.00163809199580296, 0.000676937468418419, 0.000840347131032717, 
-0.00061089138030369, 0.000905711838876493, 0.000571860543753552, 
-0.00426449659881607, 0.000543427103325948, 0.000513830294123139, 
0.000337019182648071, 0.000415434145441666, 0.00057185432581921, 
-0.00147257111330265, 6.52776222390119e-05, -0.00159396921381789, 
-0.000428488501412077, 0.000543427103325948, 0.000290936175594433, 
0.000337019182648071, 0.000513830294123139, 0.000482847652198443, 
0.000236795463987494, 0.000378012427233784, 0.000337019182648071, 
0.00059930332861098, -0.000657156004203285, -4.00443177239966e-05, 
0.000206036632582852, 0.000625892767774919, 0.000290936175594433, 
0.000651740207361288, -0.00167326403401695, 0.000337019182648071, 
0.000625892767774919, 0.000543427103325948, 0.000337019182648071, 
0.000513830294123139, 0.000625887009329363, 0.000337019182648071, 
0.000513830294123139, 0.000513830294123139, 0.000651740207361288, 
0.000378012427233784, 0.000304140231914253, 0.000415434145441666, 
0.000378012427233784, -0.00211129225072905, -0.000684204712697592, 
-0.00343767665750274, 0.000684198639917271, 0.00343767851732355, 
-0.0114769870662261, -0.0050480795765355, -0.00626666329945948, 
-0.0125105880165994, -0.0067541030735691, -0.00426449659862004, 
0.0644805768200242, -0.00405246184414141, -0.00383175157910487, 
-0.00251323014635492, -0.00309798869591224, -0.0042645025073931, 
0.0292495531296994, -0.0163522161249056, 0.0193329980001234, 
-0.0074724112392857, -0.00405246184414141, -0.00216957848340843, 
-0.00251323014635492, -0.00383175157910487, -0.00360070683830804, 
-0.00176583865030273, -0.00281892627106851, -0.00251323014635492, 
-0.00446914380493501, 0.0210475681214538, -0.00888563052409159, 
-0.0100205099119508, -0.00466742741465916, -0.00216957848340843, 
-0.00486017776157984, -0.00591010153429536, -0.00251323014635492, 
-0.00466742741465916, -0.00405246184414141, -0.00251323014635492, 
-0.00383175157910487, -0.00466743288678963, -0.00251323014635492, 
-0.00383175157910487, -0.00383175157910487, -0.00486017776157984, 
-0.00281892627106851, -0.00226801870515256, -0.00309798869591224, 
-0.00281892627106851, 0.0157443955878274, -0.0005684351629855, 
0.0137086781734934, 0.000568462947424443, -0.0137086855900411, 
0.0015566445315233, 0.000643279505111365, 0.000798564286646894, 
-0.000580517289920139, 0.000860679000154889, 0.000543427103300524, 
-0.00405246184466281, 0.000516407400093033, 0.000488282171892244, 
0.000320262274052255, 0.000394778371642542, 0.000543421194527439, 
-0.00139935350220375, 6.2031958136268e-05, -0.0015147155757516, 
-0.000407183652423854, 0.000516407400093033, 0.000276470557158842, 
0.000320262274052255, 0.000488282171892244, 0.00045884001586759, 
0.000225021772309828, 0.000359217296222342, 0.000320262274052255, 
0.000569505407258563, -0.000624481594033328, -3.80532764808159e-05, 
0.000195792299067986, 0.000594772794668362, 0.000276470557158842, 
0.000619335075412382, -0.00159006778319747, 0.000320262274052255, 
0.000594772794668362, 0.000516407400093033, 0.000320262274052255, 
0.000488282171892244, 0.000594767322537869, 0.000320262274052255, 
0.000488282171892244, 0.000488282171892244, 0.000619335075412382, 
0.000359217296222342, 0.000289018095463643, 0.000394778371642542, 
0.000359217296222342, -0.00200631682770794, -0.000650185415622198, 
-0.00326675216288607, 0.000650179644783685, 0.00326675393024459, 
0.0014718646026538, 0.000608244409061921, 0.000755071875864799, 
-0.00054890042873331, 0.00081380361986, 0.000513830294124247, 
-0.00383175157921387, 0.000488282171915998, 0.000461688735204928, 
0.000302819747991226, 0.000373277456319102, 0.000513824707162156, 
-0.00132314015454925, 5.86534954717627e-05, -0.00143221923401317, 
-0.000385007105575445, 0.000488282171915998, 0.000261413070564111, 
0.000302819747991226, 0.000461688735204928, 0.000433850094846279, 
0.000212766354029856, 0.000339653152835537, 0.000302819747991226, 
0.000538488288750571, -0.000590470293136517, -3.5980771550753e-05, 
0.000185128812696446, 0.00056237953198363, 0.000261413070564111, 
0.000585604070955728, -0.00150346751517115, 0.000302819747991226, 
0.00056237953198363, 0.000488282171915998, 0.000302819747991226, 
0.000461688735204928, 0.000562374357883157, 0.000302819747991226, 
0.000461688735204928, 0.000461688735204928, 0.000585604070955728, 
0.000339653152835537, 0.000273277229084214, 0.000373277456319102, 
0.000339653152835537, -0.00189704628169246, -0.00061477420076036, 
-0.00308883420496042, 0.000614768744221451, 0.00308883587605401, 
0.000965389956964372, 0.000398945013493142, 0.000495248546829568, 
-0.00036002154015463, 0.000533770456857032, 0.000337019182697826, 
-0.00251323014681382, 0.000320262274114196, 0.000302819748035136, 
0.00019861823084357, 0.000244831152788707, 0.000337015518232073, 
-0.000867842201182535, 3.84705871522029e-05, -0.000939386721975113, 
-0.000252524581749733, 0.000320262274114196, 0.00017145976092786, 
0.00019861823084357, 0.000302819748035136, 0.000284560497990225, 
0.000139552579053247, 0.000222777110026946, 0.00019861823084357, 
0.00035319226025083, -0.000387287043760491, -2.3599640602795e-05, 
0.000121425228941269, 0.000368862428709317, 0.00017145976092786, 
0.00038409530857712, -0.000986118177281542, 0.00019861823084357, 
0.000368862428709317, 0.000320262274114196, 0.00019861823084357, 
0.000302819748035136, 0.000368859035037824, 0.00019861823084357, 
0.000302819748035136, 0.000302819748035136, 0.00038409530857712, 
0.000222777110026946, 0.000179241413846381, 0.000244831152788707, 
0.000222777110026946, -0.00124426487637416, -0.000403227876893327, 
-0.00202595368765395, 0.000403224297971219, 0.00202595478371638, 
0.00119000927058839, 0.000491768389621233, 0.000610479068792251, 
-0.000443788509954572, 0.000657963952720925, 0.000415434145411774, 
-0.00309798869550008, 0.000394778371632388, 0.000373277456291392, 
0.000244831152734959, 0.000301796532514107, 0.000415429628327189, 
-0.00106976487290388, 4.74216195083465e-05, -0.0011579558081818, 
-0.000311280007708936, 0.000394778371632388, 0.000211353664451386, 
0.000244831152734959, 0.000373277456291392, 0.000350769788099984, 
0.000172022571400592, 0.000274611129196247, 0.000244831152734959, 
0.000435370246965768, -0.000477397935383127, -2.90906185968671e-05, 
0.000149677492639412, 0.000454686426507646, 0.000211353664451386, 
0.000473463572601899, -0.00121556036994401, 0.000244831152734959, 
0.000454686426507646, 0.000394778371632388, 0.000244831152734959, 
0.000373277456291392, 0.00045468224322358, 0.000244831152734959, 
0.000373277456291392, 0.000373277456291392, 0.000473463572601899, 
0.000274611129196247, 0.000220945890935849, 0.000301796532514107, 
0.000274611129196247, -0.00153377060452348, -0.000497047755459963, 
-0.00249733659716602, 0.000497043343826622, 0.00249733794825255, 
0.00163813799610111, 0.000676930107964181, 0.000840337993797968, 
-0.00061090680922672, 0.000905701990920319, 0.000571854325818296, 
-0.00426450250730843, 0.000543421194552152, 0.000513824707160363, 
0.000337015518182188, 0.000415429628356764, 0.000571938550568385, 
-0.00147258432556485, 6.52563940809829e-05, -0.00159398863769824, 
-0.000428497638825269, 0.000543421194552152, 0.00029093301219675, 
0.000337015518182188, 0.000513824707160363, 0.000482842402115211, 
0.000236792889270796, 0.000378008317041439, 0.000337015518182188, 
0.000599296812285608, -0.000657174689246777, -4.00557601693167e-05, 
0.000206023420020255, 0.000625885962338224, 0.00029093301219675, 
0.000651733120881043, -0.00167326962099647, 0.000337015518182188, 
0.000625885962338224, 0.000543421194552152, 0.000337015518182188, 
0.000513824707160363, 0.000625963963103616, 0.000337015518182188, 
0.000513824707160363, 0.000513824707160363, 0.000651733120881043, 
0.000378008317041439, 0.000304092832523146, 0.000415429628356764, 
0.000378008317041439, -0.00211126929429516, -0.000684227150725944, 
-0.00343763774201994, 0.000684221078062729, 0.00343763960181906, 
-0.0038052585733467, -0.00174314974587414, -0.00216393826054274, 
-0.00796718840329843, -0.00233225583665936, -0.00147257111332323, 
0.0292495531308278, -0.0013993535019958, -0.0013231401546075, 
-0.000867842201082653, -0.00106976487318082, -0.00147258432574172, 
0.014004210111745, -0.0090371359538038, 0.00826721918941658, 
-0.00486007261677134, -0.0013993535019958, -0.000749176023212059, 
-0.000867842201082653, -0.0013231401546075, -0.00124335821474295, 
-0.000609760830403174, -0.0009734019716903, -0.000867842201082653, 
-0.00154323773421846, 0.0107186607997075, -0.00503103575386966, 
-0.00527328166588102, -0.00161170694486755, -0.000749176023212059, 
-0.00167826546740248, -0.00597047193560044, -0.000867842201082653, 
-0.00161170694486755, -0.0013993535019958, -0.000867842201082653, 
-0.0013231401546075, -0.0016117191809235, -0.000867842201082653, 
-0.0013231401546075, -0.0013231401546075, -0.00167826546740248, 
-0.0009734019716903, -0.000783162918649119, -0.00106976487318082, 
-0.0009734019716903, 0.00543668909171364, -0.00140815900683821, 
0.00218487414324274, 0.00140816486082283, -0.00218487532528976, 
-0.000171649683360919, 7.72721056172004e-05, 9.59252446395248e-05, 
0.00821572661358513, 0.000103386596453602, 6.52776222271414e-05, 
-0.0163522161284389, 6.20319578727526e-05, 5.865349549877e-05, 
3.84705871530931e-05, 4.74216196638405e-05, 6.52563942016967e-05, 
-0.00903713595555314, 0.00770997190778846, -0.00379708716249268, 
0.00513018388272095, 6.20319578727526e-05, 3.3210232757816e-05, 
3.84705871530931e-05, 5.865349549877e-05, 5.51168409463277e-05, 
2.70300950327847e-05, 4.31499474677842e-05, 3.84705871530931e-05, 
6.84102036982953e-05, -0.00791421429287394, 0.00445429927814426, 
0.00414244695457664, 7.14453761437826e-05, 3.3210232757816e-05, 
7.43958496715347e-05, 0.00873621442393985, 3.84705871530931e-05, 
7.14453761437826e-05, 6.20319578727526e-05, 3.84705871530931e-05, 
5.865349549877e-05, 7.14257168128769e-05, 3.84705871530931e-05, 
5.865349549877e-05, 5.865349549877e-05, 7.43958496715347e-05, 
4.31499474677842e-05, 3.47274728307144e-05, 4.74216196638405e-05, 
4.31499474677842e-05, -0.000241003054783663, 0.00267498727537103, 
0.00539797111393485, -0.00267497947171814, -0.00539797403431996, 
-0.00522166390770401, -0.00188685422704212, -0.00234233235763491, 
-0.00218597421565675, -0.00252452595903575, -0.00159396921370151, 
0.0193329980001184, -0.00151471557542147, -0.0014322192339471, 
-0.000939386721877702, -0.00115795580826055, -0.00159398863771034, 
0.00826721918936808, -0.0037970871610309, 0.0096783960486604, 
-0.0063060077926162, -0.00151471557542147, -0.000810937757666712, 
-0.000939386721877702, -0.0014322192339471, -0.00134586010683766, 
-0.000660029239056643, -0.001053648792505, -0.000939386721877702, 
-0.00167046155904465, 0.00551102672832298, -0.00634570529872085, 
-0.0065393128585075, -0.00174457534063, -0.000810937757666712, 
-0.00181662091783163, 0.00805127487750427, -0.000939386721877702, 
-0.00174457534063, -0.00151471557542147, -0.000939386721877702, 
-0.0014322192339471, -0.00174459332925631, -0.000939386721877702, 
-0.0014322192339471, -0.0014322192339471, -0.00181662091783163, 
-0.001053648792505, -0.000847724020234019, -0.00115795580826055, 
-0.001053648792505, 0.00588488729559676, -0.00198279545949886, 
0.00626560958102341, 0.00198281002282598, -0.00626561297078847, 
-0.000288021776802084, -0.0005072214278502, -0.000629662401001481, 
0.0060287917625758, -0.000678639421760847, -0.000428488501621191, 
-0.00747241123923756, -0.00040718365305653, -0.000385007105703079, 
-0.000252524581679633, -0.000311280007769304, -0.000428497638854873, 
-0.00486007261736306, 0.00513018388114969, -0.00630600779260165, 
0.0110661491162659, -0.00040718365305653, -0.000217995116658342, 
-0.000252524581679633, -0.000385007105703079, -0.000361792169894805, 
-0.000177428106665133, -0.000283240346459983, -0.000252524581679633, 
-0.000449051063407073, -0.00477859829461243, 0.00928083839134888, 
0.00839117320416859, -0.000468974223119331, -0.000217995116658342, 
-0.00048834141111659, -0.00359893480894169, -0.000252524581679633, 
-0.000468974223119331, -0.00040718365305653, -0.000252524581679633, 
-0.000385007105703079, -0.000468982685135781, -0.000252524581679633, 
-0.000385007105703079, -0.000385007105703079, -0.00048834141111659, 
-0.000283240346459983, -0.00022788203765091, -0.000311280007769304, 
-0.000283240346459983, 0.0015819669023871, 0.00608540699505833, 
0.00732686200290767, -0.00608539905875604, -0.00732686596682337, 
0.00155664453124363, 0.000643279504971779, 0.00079856428647338, 
-0.000580517290382168, 0.000860678999966762, 0.000543427103182522, 
-0.00405246184267006, 0.000516407399980155, 0.000488282171786055, 
0.000320262273982117, 0.000394778371556267, 0.000543421194409936, 
-0.00139935350127332, 6.20319575813454e-05, -0.00151471557508398, 
-0.000407183652815772, 0.000516407399980155, 0.000276470557098423, 
0.000320262273982117, 0.000488282171786055, 0.000458840015767342, 
0.000225021772260812, 0.000359217296144143, 0.000320262273982117, 
0.000569505407134885, -0.000624481593347048, -3.80532768883082e-05, 
0.000195792298640511, 0.000594772794538831, 0.000276470557098423, 
0.000619335075277279, -0.00159006778330185, 0.000320262273982117, 
0.000594772794538831, 0.000516407399980155, 0.000320262273982117, 
0.000488282171786055, 0.000594767322408802, 0.000320262273982117, 
0.000488282171786055, 0.000488282171786055, 0.000619335075277279, 
0.000359217296144143, 0.000289018095400119, 0.000394778371556267, 
0.000359217296144143, -0.00200631682727065, -0.000650185415479568, 
-0.00326675216218738, 0.000650179644650562, 0.00326675392952832, 
0.000833385386975282, 0.000344394451301958, 0.000427529724084207, 
-0.000310793258756963, 0.00046078426197376, 0.000290936175607783, 
-0.0021695784834388, 0.00027647055718429, 0.000261413070575445, 
0.000171459760910406, 0.000211353664476218, 0.00029093301221049, 
-0.000749176023141029, 3.32102326826835e-05, -0.000810937757670392, 
-0.000217995116693867, 0.00027647055718429, 0.000148014859912885, 
0.000171459760910406, 0.000261413070575445, 0.000245650536422254, 
0.000120470571796391, 0.000192315226348228, 0.000171459760910406, 
0.000304897794330392, -0.00033433055782741, -2.03726954867269e-05, 
0.00010482190197113, 0.000318425270262199, 0.000148014859912885, 
0.00033157525115284, -0.00085127929203134, 0.000171459760910406, 
0.000318425270262199, 0.00027647055718429, 0.000171459760910406, 
0.000261413070575445, 0.00031842234063154, 0.000171459760910406, 
0.000261413070575445, 0.000261413070575445, 0.00033157525115284, 
0.000192315226348228, 0.000154732472607361, 0.000211353664476218, 
0.000192315226348228, -0.00107412777420451, -0.000348091688715108, 
-0.00174893076748089, 0.000348088599165166, 0.00174893171367136, 
0.000965389956715289, 0.000398945013474804, 0.000495248546806914, 
-0.000360021540077092, 0.000533770456832741, 0.000337019182682407, 
-0.00251323014681343, 0.000320262274099635, 0.000302819748021335, 
0.000198618230834385, 0.00024483115277747, 0.000337015518216906, 
-0.000867842201207826, 3.84705872070519e-05, -0.00093938672203291, 
-0.000252524581594702, 0.000320262274099635, 0.000171459760920022, 
0.000198618230834385, 0.000302819748021335, 0.000284560497977256, 
0.000139552579046881, 0.000222777110016919, 0.000198618230834385, 
0.000353192260234539, -0.000387287043799975, -2.35996404789721e-05, 
0.000121425229049692, 0.000368862428692506, 0.000171459760920022, 
0.000384095308559711, -0.000986118177329726, 0.000198618230834385, 
0.000368862428692506, 0.000320262274099635, 0.000198618230834385, 
0.000302819748021335, 0.000368859035021246, 0.000198618230834385, 
0.000302819748021335, 0.000302819748021335, 0.000384095308559711, 
0.000222777110016919, 0.000179241413838052, 0.00024483115277747, 
0.000222777110016919, -0.00124426487631738, -0.000403227877043697, 
-0.00202595368756409, 0.000403224298122507, 0.00202595478362867, 
0.00147186460267345, 0.000608244409071368, 0.0007550718758781, 
-0.000548900428829392, 0.000813803619874431, 0.000513830294132958, 
-0.00383175157911214, 0.000488282171924162, 0.00046168873521222, 
0.000302819747996106, 0.000373277456324819, 0.000513824707171862, 
-0.00132314015447907, 5.86534953918197e-05, -0.00143221923395023, 
-0.000385007105709798, 0.000488282171924162, 0.000261413070568376, 
0.000302819747996106, 0.00046168873521222, 0.00043385009485275, 
0.000212766354033337, 0.000339653152841251, 0.000302819747996106, 
0.000538488288759689, -0.00059047029306966, -3.59807716618454e-05, 
0.000185128812596223, 0.000562379531993711, 0.000261413070568376, 
0.000585604070965934, -0.00150346751518159, 0.000302819747996106, 
0.000562379531993711, 0.000488282171924162, 0.000302819747996106, 
0.00046168873521222, 0.00056237435789416, 0.000302819747996106, 
0.00046168873521222, 0.00046168873521222, 0.000585604070965934, 
0.000339653152841251, 0.000273277229088539, 0.000373277456324819, 
0.000339653152841251, -0.00189704628172482, -0.000614774200649108, 
-0.00308883420497777, 0.000614768744097363, 0.00308883587604224, 
0.00138311496217262, 0.000571568839497957, 0.000709542988633738, 
-0.000515803148125009, 0.00076473335990035, 0.000482847652252885, 
-0.00360070683889362, 0.000458840015940304, 0.00043385009489417, 
0.000284560497980396, 0.000350769788164771, 0.000482842402170163, 
-0.00124335821487288, 5.51168409684868e-05, -0.00134586010700616, 
-0.000361792169874865, 0.000458840015940304, 0.00024565053643874, 
0.000284560497980396, 0.00043385009489417, 0.000407690052769784, 
0.000199937091480399, 0.000319172943484112, 0.000284560497980396, 
0.000506018833381618, -0.000554866456976316, -3.38112238509394e-05, 
0.00017396602258119, 0.000528469496249057, 0.00024565053643874, 
0.000550293655403561, -0.00141281230038005, 0.000284560497980396, 
0.000528469496249057, 0.000458840015940304, 0.000284560497980396, 
0.00043385009489417, 0.000528464634133464, 0.000284560497980396, 
0.00043385009489417, 0.00043385009489417, 0.000550293655403561, 
0.000319172943484112, 0.00025679931679071, 0.000350769788164771, 
0.000319172943484112, -0.00178265928226622, -0.0005777049014173, 
-0.00290258546651769, 0.000577699773899004, 0.00290258703685044, 
0.000678299558253636, 0.000280305615906837, 0.000347970131849994, 
-0.000252957315312381, 0.000375036287212328, 0.000236795463994955, 
-0.00176583865033203, 0.000225021772327329, 0.000212766354035945, 
0.000139552579037067, 0.000172022571418317, 0.000236792889278779, 
-0.000609760830354284, 2.70300949871293e-05, -0.000660029239068002, 
-0.000177428106665264, 0.000225021772327329, 0.000120470571794708, 
0.000139552579037067, 0.000212766354035945, 0.00019993709146406, 
9.80520380000264e-05, 0.000156527022331611, 0.000139552579037067, 
0.000248158945957028, -0.000272114526176111, -1.65815126424295e-05, 
8.53154506076801e-05, 0.000259169075354683, 0.000120470571794708, 
0.000269871958280827, -0.000692863562004161, 0.000139552579037067, 
0.000259169075354683, 0.000225021772327329, 0.000139552579037067, 
0.000212766354035945, 0.000259166690903175, 0.000139552579037067, 
0.000212766354035945, 0.000212766354035945, 0.000269871958280827, 
0.000156527022331611, 0.000125938094737044, 0.000172022571418317, 
0.000156527022331611, -0.000874241864736162, -0.000283314829364319, 
-0.00142346984428078, 0.000283312314751865, 0.0014234706143951, 
0.00108281492442219, 0.000447470591147941, 0.0005554879808489, 
-0.000403812670516158, 0.000598695493837258, 0.000378012427300741, 
-0.00281892627219872, 0.000359217296302465, 0.000339653152894909, 
0.000222777110033673, 0.000274611129264667, 0.0003780083171089, 
-0.000973401972128822, 4.31499477271669e-05, -0.00105364879282562, 
-0.000283240346289074, 0.000359217296302465, 0.000192315226373541, 
0.000222777110033673, 0.000339653152894909, 0.000319172943504451, 
0.000156527022354364, 0.000249874548487891, 0.000222777110033673, 
0.000396152713125814, -0.000434394607424638, -2.64701768063349e-05, 
0.000136194756718041, 0.000413728918633842, 0.000192315226373541, 
0.000430814646062002, -0.00110606441673968, 0.000222777110033673, 
0.000413728918633842, 0.000359217296302465, 0.000222777110033673, 
0.000339653152894909, 0.00041372511217423, 0.000222777110033673, 
0.000339653152894909, 0.000339653152894909, 0.000430814646062002, 
0.000249874548487891, 0.000201043398712311, 0.000274611129264667, 
0.000249874548487891, -0.00139561072565134, -0.00045227439958171, 
-0.00227238006118072, 0.00045227038534211, 0.00227238129056784, 
0.000965389956968707, 0.000398945013579738, 0.000495248546937413, 
-0.000360021539713414, 0.000533770456972869, 0.000337019182771212, 
-0.00251323014835216, 0.000320262274184073, 0.000302819748101092, 
0.000198618230886719, 0.00024483115284167, 0.000337015518305715, 
-0.000867842201925168, 3.8470587640933e-05, -0.000939386722649559, 
-0.000252524581131738, 0.000320262274184073, 0.000171459760965177, 
0.000198618230886719, 0.000302819748101092, 0.000284560498052356, 
0.000139552579083656, 0.000222777110075463, 0.000198618230886719, 
0.000353192260327655, -0.000387287044332676, -2.35996400317195e-05, 
0.000121425229501703, 0.000368862428789841, 0.000171459760965177, 
0.000384095308660679, -0.000986118177457421, 0.000198618230886719, 
0.000368862428789841, 0.000320262274184073, 0.000198618230886719, 
0.000302819748101092, 0.000368859035118584, 0.000198618230886719, 
0.000302819748101092, 0.000302819748101092, 0.000384095308660679, 
0.000222777110075463, 0.000179241413885342, 0.00024483115284167, 
0.000222777110075463, -0.00124426487664453, -0.000403227877133207, 
-0.00202595368796833, 0.000403224298208632, 0.0020259547840397, 
0.00171670173154956, 0.000709422747419376, 0.000880674210390646, 
-0.000640207200379683, 0.000949175678821937, 0.000599303328619575, 
-0.00446914380492653, 0.000569505407293129, 0.000538488288756818, 
0.000353192260203679, 0.000435370247003189, 0.00059929681229491, 
-0.001543237734063, 6.84102035763021e-05, -0.00167046155903653, 
-0.000449051063412843, 0.000569505407293129, 0.00030489779432079, 
0.000353192260203679, 0.000538488288756818, 0.000506018833331692, 
0.000248158945952455, 0.000396152713061277, 0.000353192260203679, 
0.000628063054205104, -0.000688691998363478, -4.19659885168966e-05, 
0.000215924041225166, 0.000655928483235314, 0.00030489779432079, 
0.000683016305169397, -0.00175356162648053, 0.000353192260203679, 
0.000655928483235314, 0.000569505407293129, 0.000353192260203679, 
0.000538488288756818, 0.000655922448449685, 0.000353192260203679, 
0.000538488288756818, 0.000538488288756818, 0.000683016305169397, 
0.000396152713061277, 0.000318735494771082, 0.000435370247003189, 
0.000396152713061277, -0.0022126102025594, -0.000717038736332007, 
-0.00360264593528336, 0.000717032372126068, 0.00360264788435203, 
-0.0015174518404974, -0.000777905604115985, -0.000965688520921206, 
-0.00773047500567051, -0.00104080265614825, -0.000657156004081166, 
0.0210475681211639, -0.00062448159368895, -0.000590470293063697, 
-0.00038728704364527, -0.00047739793549212, -0.000657174689262181, 
0.0107186607993553, -0.00791421429128518, 0.00551102672825355, 
-0.00477859829454364, -0.00062448159368895, -0.000334330557833858, 
-0.00038728704364527, -0.000590470293063697, -0.000554866456804297, 
-0.000272114526169512, -0.000434394607019821, -0.00038728704364527, 
-0.000688691998362855, 0.00873350309823757, -0.00449197500817303, 
-0.00442878542709634, -0.000719247366769772, -0.000334330557833858, 
-0.000748950063169825, -0.00716278992605344, -0.00038728704364527, 
-0.000719247366769772, -0.00062448159368895, -0.00038728704364527, 
-0.000590470293063697, -0.000719264671165679, -0.00038728704364527, 
-0.000590470293063697, -0.000590470293063697, -0.000748950063169825, 
-0.000434394607019821, -0.000349491463097177, -0.00047739793549212, 
-0.000434394607019821, 0.00242620057300975, -0.00201567353244229, 
-0.0019427173663212, 0.00201567186331257, 0.00194271841735273, 
0.000694040776902784, -4.74022895512147e-05, -5.88449892155616e-05, 
0.00483910220283157, -6.34221280997758e-05, -4.00443177435211e-05, 
-0.00888563052308358, -3.80532768584466e-05, -3.59807715167145e-05, 
-2.35996404768036e-05, -2.90906185142213e-05, -4.00557600345152e-05, 
-0.00503103575350413, 0.00445429927570867, -0.00634570529856279, 
0.00928083839041721, -3.80532768584466e-05, -2.03726953820472e-05, 
-2.35996404768036e-05, -3.59807715167145e-05, -3.3811223762549e-05, 
-1.65815125797571e-05, -2.64701768852879e-05, -2.35996404768036e-05, 
-4.19659883463464e-05, -0.00449197500736076, 0.00796718056335683, 
0.00734274820592615, -4.38279037435756e-05, -2.03726953820472e-05, 
-4.5637860899515e-05, -0.00406068815503848, -2.35996404768036e-05, 
-4.38279037435756e-05, -3.80532768584466e-05, -2.35996404768036e-05, 
-3.59807715167145e-05, -4.38385004797419e-05, -2.35996404768036e-05, 
-3.59807715167145e-05, -3.59807715167145e-05, -4.5637860899515e-05, 
-2.64701768852879e-05, -2.12915138241575e-05, -2.90906185142213e-05, 
-2.64701768852879e-05, 0.000147842439315638, 0.00484568438230785, 
0.00433107287745763, -0.00484568104188972, -0.00433107522062015, 
0.00133728000463258, 0.000243894980834632, 0.000302770133105886, 
0.00421055591255607, 0.000326320497669006, 0.000206036632430503, 
-0.0100205099137755, 0.000195792298600816, 0.000185128812607, 
0.000121425228958114, 0.000149677492630353, 0.000206023420010878, 
-0.00527328166725064, 0.00414244695410463, -0.00653931285908292, 
0.00839117320498382, 0.000195792298600816, 0.000104821901994396, 
0.000121425228958114, 0.000185128812607, 0.00017396602252537, 
8.53154506070199e-05, 0.000136194756527254, 0.000121425228958114, 
0.000215924041237417, -0.00442878542805938, 0.00734274820723183, 
0.00687050122428289, 0.000225503996636168, 0.000104821901994396, 
0.000234816615714115, -0.00446220296741824, 0.000121425228958114, 
0.000225503996636168, 0.000195792298600816, 0.000121425228958114, 
0.000185128812607, 0.000225491760579163, 0.000121425228958114, 
0.000185128812607, 0.000185128812607, 0.000234816615714115, 0.000136194756527254, 
0.000109584563591339, 0.000149677492630353, 0.000136194756527254, 
-0.00076068116635811, 0.00418547973384147, 0.00253993776853167, 
-0.00418547922890452, -0.00253993914266631, 0.00179286706229799, 
0.000740897882094693, 0.000919747301122535, -0.000668611431746249, 
0.000991287991163428, 0.000625892767777271, -0.00466742741459128, 
0.000594772794698027, 0.000562379531984381, 0.000368862428656232, 
0.000454686426542031, 0.000625885962341359, -0.00161170694468397, 
7.14453760108392e-05, -0.0017445753405975, -0.000468974223128864, 
0.000594772794698027, 0.000318425270248767, 0.000368862428656232, 
0.000562379531984381, 0.00052846949619153, 0.000259169075347299, 
0.000413728918562176, 0.000368862428656232, 0.000655928483228423, 
-0.000719247366757993, -4.38279039268259e-05, 0.000225503996614398, 
0.000685030224647292, 0.000318425270248767, 0.00071331985868373, 
-0.00183136232931155, 0.000368862428656232, 0.000685030224647292, 
0.000594772794698027, 0.000368862428656232, 0.000562379531984381, 
0.000685023922114967, 0.000368862428656232, 0.000562379531984381, 
0.000562379531984381, 0.00071331985868373, 0.000413728918562176, 
0.000332876911380844, 0.000454686426542031, 0.000413728918562176, 
-0.00231077762721966, -0.000748851771477126, -0.00376248541944888, 
0.000748845124909859, 0.00376248745499581, 0.00083338538697972, 
0.000344394451298182, 0.000427529724079469, -0.000310793258815122, 
0.000460784261968779, 0.000290936175604571, -0.00216957848329637, 
0.000276470557181299, 0.000261413070572631, 0.000171459760908547, 
0.000211353664473915, 0.000290933012207329, -0.0007491760230667, 
3.32102326247059e-05, -0.00081093775769204, -0.000217995116647531, 
0.000276470557181299, 0.00014801485991132, 0.000171459760908547, 
0.000261413070572631, 0.000245650536419661, 0.000120470571795077, 
0.000192315226346167, 0.000171459760908547, 0.000304897794327184, 
-0.000334330557765357, -2.03726954485361e-05, 0.000104821902004774, 
0.000318425270258803, 0.00014801485991132, 0.000331575251149226, 
-0.000851279292212452, 0.000171459760908547, 0.000318425270258803, 
0.000276470557181299, 0.000171459760908547, 0.000261413070572631, 
0.000318422340628192, 0.000171459760908547, 0.000261413070572631, 
0.000261413070572631, 0.000331575251149226, 0.000192315226346167, 
0.000154732472605755, 0.000211353664473915, 0.000192315226346167, 
-0.00107412777419266, -0.000348091688701967, -0.00174893076751728, 
0.000348088599152951, 0.00174893171370649, 0.00186690693851127, 
0.000771494677934634, 0.000957730025971822, -0.000696223020300595, 
0.00103222512570966, 0.000651740207345396, -0.00486017776135269, 
0.000619335075425662, 0.000585604070939937, 0.000384095308511199, 
0.000473463572624285, 0.000651733120865905, -0.00167826546715225, 
7.4395849523537e-05, -0.00181662091775743, -0.000488341411097985, 
0.000619335075425662, 0.000331575251129524, 0.000384095308511199, 
0.000585604070939937, 0.000550293655327957, 0.000269871958265588, 
0.000430814645975192, 0.000384095308511199, 0.000683016305142988, 
-0.000748950063126959, -4.56378610766872e-05, 0.000234816615695876, 
0.000713319858663469, 0.000331575251129524, 0.000742777767273103, 
-0.00190699194127997, 0.000384095308511199, 0.000713319858663469, 
0.000619335075425662, 0.000384095308511199, 0.000585604070939937, 
0.000713313295855938, 0.000384095308511199, 0.000585604070939937, 
0.000585604070939937, 0.000742777767273103, 0.000430814645975192, 
0.000346623700437141, 0.000473463572624285, 0.000430814645975192, 
-0.00240620561129202, -0.000779777038394128, -0.00391786445482232, 
0.000779770117340732, 0.00391786657443524, -0.00697319689547366, 
-0.00198071913080684, -0.00245885582732485, 0.0113903110897621, 
-0.00265011297195841, -0.00167326403399178, -0.00591010153438216, 
-0.00159006778317544, -0.00150346751515358, -0.000986118177324999, 
-0.00121556036983633, -0.0016732696209536, -0.00597047193520959, 
0.00873621442385272, 0.00805127487744148, -0.00359893480895867, 
-0.00159006778317544, -0.000851279292000083, -0.000986118177324999, 
-0.00150346751515358, -0.00141281230038738, -0.000692863561983004, 
-0.00110606441693027, -0.000986118177324999, -0.00175356162646628, 
-0.00716278992617191, -0.00406068815354785, -0.00446220296807727, 
-0.00183136232931797, -0.000851279292000083, -0.00190699194129786, 
0.0314674873523309, -0.000986118177324999, -0.00183136232931797, 
-0.00159006778317544, -0.000986118177324999, -0.00150346751515358, 
-0.0018313675034182, -0.000986118177324999, -0.00150346751515358, 
-0.00150346751515358, -0.00190699194129786, -0.00110606441693027, 
-0.000889902769212909, -0.00121556036983633, -0.00110606441693027, 
0.00617764143195172, -0.000369686431150396, 0.0154877859593954, 
0.000369717526310951, -0.0154877943384701, 0.000965389956609947, 
0.000398945013425068, 0.000495248546745282, -0.000360021540217206, 
0.000533770456766312, 0.00033701918264036, -0.00251323014614637, 
0.000320262274059822, 0.000302819747983615, 0.000198618230809629, 
0.000244831152747001, 0.000337015518174868, -0.000867842200902045, 
3.84705870301994e-05, -0.000939386721858178, -0.00025252458164573, 
0.000320262274059822, 0.000171459760898655, 0.000198618230809629, 
0.000302819747983615, 0.00028456049794165, 0.000139552579029523, 
0.000222777109989171, 0.000198618230809629, 0.000353192260190513, 
-0.000387287043576444, -2.35996405473659e-05, 0.000121425228968606, 
0.000368862428646527, 0.000171459760898655, 0.000384095308511949, 
-0.000986118177454968, 0.000198618230809629, 0.000368862428646527, 
0.000320262274059822, 0.000198618230809629, 0.000302819747983615, 
0.000368859034975275, 0.000198618230809629, 0.000302819747983615, 
0.000302819747983615, 0.000384095308511949, 0.000222777109989171, 
0.000179241413815791, 0.000244831152747001, 0.000222777109989171, 
-0.00124426487616267, -0.000403227876922793, -0.00202595368737366, 
0.000403224298000704, 0.0020259547834357, 0.00179286706066966, 
0.000740897881423945, 0.000919747300288852, -0.000668611431147011, 
0.000991287990266329, 0.000625892767211381, -0.00466742741035484, 
0.000594772794158311, 0.000562379531474736, 0.000368862428321645, 
0.000454686426130471, 0.000625885961776124, -0.00161170694322787, 
7.14453759445366e-05, -0.00174457533902484, -0.000468974222697291, 
0.000594772794158311, 0.000318425269960035, 0.000368862428321645, 
0.000562379531474736, 0.00052846949571084, 0.000259169075112272, 
0.000413728918187579, 0.000368862428321645, 0.00065592848263316, 
-0.000719247366108938, -4.38279038813468e-05, 0.000225503996420173, 
0.000685030224026485, 0.000318425269960035, 0.000713319858037826, 
-0.00183136232766229, 0.000368862428321645, 0.000685030224026485, 
0.000594772794158311, 0.000368862428321645, 0.000562379531474736, 
0.000685023921494767, 0.000368862428321645, 0.000562379531474736, 
0.000562379531474736, 0.000713319858037826, 0.000413728918187579, 
0.000332876911079222, 0.000454686426130471, 0.000413728918187579, 
-0.00231077762512656, -0.000748851770802298, -0.0037624854160077, 
0.000748845124225904, 0.00376248745161699, 0.00155664453167431, 
0.000643279505181823, 0.000798564286734828, -0.000580517290391359, 
0.000860679000249437, 0.000543427103360403, -0.00405246184433126, 
0.000516407400149601, 0.000488282171945888, 0.000320262274087363, 
0.000394778371685806, 0.000543421194587517, -0.0013993535019238, 
6.20319577644263e-05, -0.00151471557548887, -0.000407183653082703, 
0.000516407400149601, 0.000276470557189115, 0.000320262274087363, 
0.000488282171945888, 0.000458840015917677, 0.000225021772334504, 
0.000359217296261608, 0.000320262274087363, 0.000569505407321189, 
-0.000624481593719714, -3.80532770144759e-05, 0.000195792298599081, 
0.000594772794733563, 0.000276470557189115, 0.000619335075480351, 
-0.00159006778326845, 0.000320262274087363, 0.000594772794733563, 
0.000516407400149601, 0.000320262274087363, 0.000488282171945888, 
0.000594767322603256, 0.000320262274087363, 0.000488282171945888, 
0.000488282171945888, 0.000619335075480351, 0.000359217296261608, 
0.000289018095495202, 0.000394778371685806, 0.000359217296261608, 
-0.00200631682792815, -0.000650185415089663, -0.00326675216296929, 
0.000650179644253355, 0.00326675393032042, 0.000965389956410383, 
0.000398945013347934, 0.000495248546649174, -0.000360021540091461, 
0.000533770456662795, 0.000337019182575022, -0.00251323014576423, 
0.000320262273997542, 0.000302819747924768, 0.0001986182307712, 
0.000244831152699552, 0.000337015518109764, -0.00086784220079279, 
3.84705870737822e-05, -0.000939386721654466, -0.000252524581626359, 
0.000320262273997542, 0.000171459760865407, 0.0001986182307712, 
0.000302819747924768, 0.000284560497886559, 0.000139552579002399, 
0.000222777109945966, 0.0001986182307712, 0.000353192260122054, 
-0.000387287043553585, -2.35996405678165e-05, 0.000121425228921675, 
0.000368862428574805, 0.000171459760865407, 0.000384095308437283, 
-0.000986118177108978, 0.0001986182307712, 0.000368862428574805, 
0.000320262273997542, 0.0001986182307712, 0.000302819747924768, 
0.00036885903490377, 0.0001986182307712, 0.000302819747924768, 
0.000302819747924768, 0.000384095308437283, 0.000222777109945966, 
0.000179241413780733, 0.000244831152699552, 0.000222777109945966, 
-0.00124426487592092, -0.000403227876860537, -0.00202595368694623, 
0.000403224297936292, 0.00202595478301384, 0.00147186460251277, 
0.000608244409004323, 0.000755071875793212, -0.000548900428767193, 
0.000813803619782687, 0.00051383029407543, -0.00383175157868382, 
0.000488282171869729, 0.000461688735161245, 0.00030281974796244, 
0.000373277456283551, 0.000513824707113254, -0.00132314015433107, 
5.86534953857803e-05, -0.00143221923378606, -0.000385007105669513, 
0.000488282171869729, 0.000261413070539266, 0.00030281974796244, 
0.000461688735161245, 0.000433850094805283, 0.000212766354009646, 
0.000339653152803305, 0.00030281974796244, 0.000538488288699449, 
-0.000590470292998803, -3.59807716594146e-05, 0.000185128812575341, 
0.000562379531930402, 0.000261413070539266, 0.00058560407090014, 
-0.0015034675150089, 0.00030281974796244, 0.000562379531930402, 
0.000488282171869729, 0.00030281974796244, 0.000461688735161245, 
0.00056237435782985, 0.00030281974796244, 0.000461688735161245, 
0.000461688735161245, 0.00058560407090014, 0.000339653152803305, 
0.000273277229058399, 0.000373277456283551, 0.000339653152803305, 
-0.00189704628151246, -0.000614774200576087, -0.00308883420461117, 
0.000614768744037062, 0.00308883587571097, 0.00179290966322804, 
0.000740891065528126, 0.000919738839067315, -0.000668625720350467, 
0.000991278870904456, 0.0006258870093052, -0.00466743288653265, 
0.0005947673225426, 0.000562374357860351, 0.000368859034969503, 
0.000454682243239031, 0.000625963963080194, -0.00161171918067591, 
7.14257166814614e-05, -0.00174459332915568, -0.000468982685118789, 
0.0005947673225426, 0.000318422340604699, 0.000368859034969503, 
0.000562374357860351, 0.000528464634053863, 0.000259166690884772, 
0.000413725112085264, 0.000368859034969503, 0.000655922448415422, 
-0.000719264671126869, -4.38385006534791e-05, 0.000225491760555103, 
0.000685023922086278, 0.000318422340604699, 0.000713313295846253, 
-0.00183136750333796, 0.000368859034969503, 0.000685023922086278, 
0.0005947673225426, 0.000368859034969503, 0.000562374357860351, 
0.000685095189182268, 0.000368859034969503, 0.000562374357860351, 
0.000562374357860351, 0.000713313295846253, 0.000413725112085264, 
0.000332833014664907, 0.000454682243239031, 0.000413725112085264, 
-0.00231075636711087, -0.000748872551628037, -0.00376244937964656, 
0.00074886590517109, 0.00376245141517732, 0.000965389956715159, 
0.000398945013473783, 0.000495248546805896, -0.000360021540204378, 
0.000533770456831374, 0.0003370191826816, -0.0025132301465627, 
0.000320262274098925, 0.000302819748020611, 0.000198618230833981, 
0.000244831152776891, 0.000337015518215988, -0.000867842201069097, 
3.84705870875752e-05, -0.000939386721951515, -0.000252524581706287, 
0.000320262274098925, 0.000171459760919575, 0.000198618230833981, 
0.000302819748020611, 0.00028456049797648, 0.000139552579046493, 
0.00022277711001639, 0.000198618230833981, 0.000353192260233766, 
-0.000387287043678267, -2.35996405758198e-05, 0.000121425228959746, 
0.000368862428691667, 0.000171459760919575, 0.000384095308558755, 
-0.000986118177414137, 0.000198618230833981, 0.000368862428691667, 
0.000320262274098925, 0.000198618230833981, 0.000302819748020611, 
0.000368859035020303, 0.000198618230833981, 0.000302819748020611, 
0.000302819748020611, 0.000384095308558755, 0.00022277711001639, 
0.000179241413837668, 0.000244831152776891, 0.00022277711001639, 
-0.00124426487631477, -0.000403227876988595, -0.00202595368758926, 
0.00040322429806263, 0.00202595478365031, 0.00147186460256339, 
0.0006082444090257, 0.000755071875820165, -0.000548900428786499, 
0.000813803619811875, 0.000513830294093862, -0.00383175157882371, 
0.000488282171887229, 0.000461688735177561, 0.000302819747973481, 
0.000373277456297016, 0.000513824707131907, -0.00132314015437993, 
5.86534953886765e-05, -0.00143221923383773, -0.000385007105683016, 
0.000488282171887229, 0.000261413070548706, 0.000302819747973481, 
0.000461688735177561, 0.000433850094820617, 0.000212766354017244, 
0.000339653152815537, 0.000302819747973481, 0.000538488288718647, 
-0.000590470293021143, -3.59807716609704e-05, 0.000185128812582057, 
0.000562379531950337, 0.000261413070548706, 0.000585604070921301, 
-0.00150346751506049, 0.000302819747973481, 0.000562379531950337, 
0.000488282171887229, 0.000302819747973481, 0.000461688735177561, 
0.00056237435784999, 0.000302819747973481, 0.000461688735177561, 
0.000461688735177561, 0.000585604070921301, 0.000339653152815537, 
0.000273277229068016, 0.000373277456297016, 0.000339653152815537, 
-0.0018970462815804, -0.00061477420059354, -0.00308883420471977, 
0.000614768744059167, 0.00308883587581641, 0.00147186460201818, 
0.000608244408800425, 0.00075507187554046, -0.000548900428580158, 
0.000813803619510692, 0.000513830293903741, -0.00383175157740791, 
0.000488282171706263, 0.000461688735006526, 0.000302819747860979, 
0.000373277456158403, 0.000513824706942717, -0.00132314015389394, 
5.8653495369259e-05, -0.00143221923330934, -0.000385007105536487, 
0.000488282171706263, 0.000261413070451948, 0.000302819747860979, 
0.000461688735006526, 0.000433850094659851, 0.00021276635393861, 
0.000339653152689633, 0.000302819747860979, 0.00053848828851955, 
-0.000590470292806463, -3.59807716447534e-05, 0.000185128812517033, 
0.000562379531741678, 0.000261413070451948, 0.000585604070704067, 
-0.00150346751450069, 0.000302819747860979, 0.000562379531741678, 
0.000488282171706263, 0.000302819747860979, 0.000461688735006526, 
0.000562374357642192, 0.000302819747860979, 0.000461688735006526, 
0.000461688735006526, 0.000585604070704067, 0.000339653152689633, 
0.000273277228966313, 0.000373277456158403, 0.000339653152689633, 
-0.00189704628087749, -0.000614774200369328, -0.00308883420358606, 
0.000614768743839835, 0.00308883587467585, 0.00186690693860472, 
0.000771494677975062, 0.000957730026021668, -0.000696223020323248, 
0.00103222512576344, 0.00065174020737922, -0.00486017776163254, 
0.00061933507545811, 0.000585604070970497, 0.000384095308531176, 
0.000473463572649084, 0.000651733120899909, -0.00167826546725501, 
7.43958495401405e-05, -0.0018166209178462, -0.000488341411131026, 
0.00061933507545811, 0.000331575251146806, 0.000384095308531176, 
0.000585604070970497, 0.000550293655356717, 0.000269871958279669, 
0.000430814645997722, 0.000384095308531176, 0.000683016305178543, 
-0.000748950063179209, -4.56378610853319e-05, 0.000234816615702212, 
0.000713319858700749, 0.000331575251146806, 0.000742777767311851, 
-0.00190699194133948, 0.000384095308531176, 0.000713319858700749, 
0.00061933507545811, 0.000384095308531176, 0.000585604070970497, 
0.000713313295893385, 0.000384095308531176, 0.000585604070970497, 
0.000585604070970497, 0.000742777767311851, 0.000430814645997722, 
0.000346623700455157, 0.000473463572649084, 0.000430814645997722, 
-0.00240620561141774, -0.000779777038436272, -0.00391786445502211, 
0.000779770117387432, 0.00391786657463039, 0.00108281492421029, 
0.000447470591053928, 0.000555487980732299, -0.00040381267078477, 
0.000598695493711575, 0.000378012427221284, -0.00281892627092796, 
0.00035921729622702, 0.000339653152823433, 0.0002227771099868, 
0.000274611129206768, 0.000378008317029665, -0.000973401971545951, 
4.31499473895977e-05, -0.00105364879244977, -0.000283240346451415, 
0.00035921729622702, 0.000192315226333087, 0.0002227771099868, 
0.000339653152823433, 0.000319172943437531, 0.000156527022321477, 
0.000249874548435288, 0.0002227771099868, 0.00039615271304262, 
-0.000434394606999198, -2.64701769919998e-05, 0.000136194756512364, 
0.000413728918546921, 0.000192315226333087, 0.000430814645971569, 
-0.00110606441688753, 0.0002227771099868, 0.000413728918546921, 
0.00035921729622702, 0.0002227771099868, 0.000339653152823433, 
0.000413725112087514, 0.0002227771099868, 0.000339653152823433, 
0.000339653152823433, 0.000430814645971569, 0.000249874548435288, 
0.000201043398670034, 0.000274611129206768, 0.000249874548435288, 
-0.00139561072535769, -0.000452274399606646, -0.00227238006094596, 
0.000452270385363353, 0.00227238129033207, 0.000871177238517253, 
0.000360024696381495, 0.000446933040081246, -0.00032488776310211, 
0.000481696825797673, 0.000304140231916036, -0.00226801870512732, 
0.000289018095478586, 0.000273277229085066, 0.00017924141382083, 
0.000220945890952982, 0.000304092832525247, -0.000783162918563481, 
3.47274727678429e-05, -0.000847724020222653, -0.00022788203765224, 
0.000289018095478586, 0.00015473247260119, 0.00017924141382083, 
0.000273277229085066, 0.00025679931676322, 0.000125938094733898, 
0.000201043398677943, 0.00017924141382083, 0.00031873549476833, 
-0.000349491463093975, -2.12915139102568e-05, 0.000109584563583457, 
0.00033287691138156, 0.00015473247260119, 0.00034662370044764, 
-0.000889902769212934, 0.00017924141382083, 0.00033287691138156, 
0.000289018095478586, 0.00017924141382083, 0.000273277229085066, 
0.000332833014679501, 0.00017924141382083, 0.000273277229085066, 
0.000273277229085066, 0.00034662370044764, 0.000201043398677943, 
0.000161776458113826, 0.000220945890952982, 0.000201043398677943, 
-0.00112287676041503, -0.000363875165904994, -0.00182830624659901, 
0.000363871936110465, 0.00182830723573256, 0.00119000927140295, 
0.000491768390078395, 0.000610479069358932, -0.000443788510304145, 
0.00065796395333187, 0.000415434145799192, -0.00309798869850832, 
0.000394778372001272, 0.000373277456637352, 0.000244831152964104, 
0.000301796532795127, 0.000415429628716979, -0.00106976487398439, 
4.74216196414903e-05, -0.00115795580923662, -0.000311280008018305, 
0.000394778372001272, 0.00021135366464794, 0.000244831152964104, 
0.000373277456637352, 0.000350769788427005, 0.000172022571559882, 
0.000274611129452614, 0.000244831152964104, 0.000435370247368506, 
-0.000477397935901849, -2.90906186406596e-05, 0.000149677492769105, 
0.000454686426931534, 0.00021135366464794, 0.000473463573043296, 
-0.00121556037089887, 0.000244831152964104, 0.000454686426931534, 
0.000394778372001272, 0.000244831152964104, 0.000373277456637352, 
0.000454682243649664, 0.000244831152964104, 0.000373277456637352, 
0.000373277456637352, 0.000473463573043296, 0.000274611129452614, 
0.000220945891139999, 0.000301796532795127, 0.000274611129452614, 
-0.00153377060595515, -0.000497047756461605, -0.00249733659938695, 
0.000497043344870491, 0.00249733795054894, 0.00108281492427226, 
0.000447470591079593, 0.000555487980764084, -0.000403812670807609, 
0.000598695493745942, 0.000378012427242908, -0.00281892627108965, 
0.00035921729624758, 0.00033965315284294, 0.000222777109999593, 
0.000274611129222579, 0.000378008317051051, -0.000973401971601907, 
4.3149947391802e-05, -0.00105364879250998, -0.000283240346467568, 
0.00035921729624758, 0.000192315226344091, 0.000222777109999593, 
0.00033965315284294, 0.000319172943455854, 0.000156527022330449, 
0.000249874548449697, 0.000222777109999593, 0.000396152713065325, 
-0.000434394607024083, -2.64701769933583e-05, 0.000136194756520334, 
0.000413728918570667, 0.000192315226344091, 0.000430814645996308, 
-0.00110606441695059, 0.000222777109999593, 0.000413728918570667, 
0.00035921729624758, 0.000222777109999593, 0.00033965315284294, 
0.000413725112111041, 0.000222777109999593, 0.00033965315284294, 
0.00033965315284294, 0.000430814645996308, 0.000249874548449697, 
0.000201043398681667, 0.000274611129222579, 0.000249874548449697, 
-0.0013956107254379, -0.000452274399630807, -0.00227238006107905, 
0.00045227038538888, 0.00227238129046149, -0.00604778730499291, 
-0.00249923315557138, -0.00310253680738533, 0.00225539294791978, 
-0.00334386137969617, -0.00211129225074678, 0.015744395587699, 
-0.00200631682781776, -0.00189704628170394, -0.00124426487620114, 
-0.00153377060464704, -0.00211126929431595, 0.00543668909113377, 
-0.000241003054351283, 0.00588488729553308, 0.00158196690240324, 
-0.00200631682781776, -0.00107412777416436, -0.00124426487620114, 
-0.00189704628170394, -0.00178265928208055, -0.000874241864716189, 
-0.0013956107254159, -0.00124426487620114, -0.0022126102025467, 
0.00242620057299392, 0.000147842439915802, -0.000760681166307926, 
-0.00231077762723077, -0.00107412777416436, -0.00240620561137183, 
0.00617764143196961, -0.00124426487620114, -0.00231077762723077, 
-0.00200631682781776, -0.00124426487620114, -0.00189704628170394, 
-0.00231075636721904, -0.00124426487620114, -0.00189704628170394, 
-0.00189704628170394, -0.00240620561137183, -0.0013956107254159, 
-0.00112287676041818, -0.00153377060464704, -0.0013956107254159, 
0.00779482868107534, 0.00252606360620808, 0.0126918007661777, 
-0.00252604118567816, -0.0126918076325869, -0.00381349539624313, 
-0.000809924396738989, -0.00100543650627059, 0.00369235042047194, 
-0.00108364235835618, -0.000684204712446815, -0.000568435163401013, 
-0.000650185415022932, -0.000614774200586788, -0.00040322787690444, 
-0.000497047756018837, -0.000684227150765248, -0.00140815900610356, 
0.0026749872766195, -0.00198279545984829, 0.00608540699507138, 
-0.000650185415022932, -0.00034809168867042, -0.00040322787690444, 
-0.000614774200586788, -0.000577704901372204, -0.000283314829315708, 
-0.00045227439957082, -0.00040322787690444, -0.000717038736278214, 
-0.00201567353257012, 0.0048456843810255, 0.0041854797335425, 
-0.000748851771464614, -0.00034809168867042, -0.000779777038373596, 
-0.000369686431975478, -0.00040322787690444, -0.000748851771464614, 
-0.000650185415022932, -0.00040322787690444, -0.000614774200586788, 
-0.000748872551651081, -0.00040322787690444, -0.000614774200586788, 
-0.000614774200586788, -0.000779777038373596, -0.00045227439957082, 
-0.000363875165882214, -0.000497047756018837, -0.00045227439957082, 
0.00252606360606296, 0.963561831748607, -0.045087820270254, 0, 
0, -0.0124992951026416, -0.00406933501526016, -0.00505165419801145, 
0.00990091184421373, -0.00544458693950087, -0.0034376766575336, 
0.0137086781702674, -0.00326675216309392, -0.00308883420453976, 
-0.002025953687335, -0.00249733659734967, -0.00343763774215111, 
0.00218487414076983, 0.00539797111474132, 0.0062656095857036, 
0.00732686200159182, -0.00326675216309392, -0.0017489307673546, 
-0.002025953687335, -0.00308883420453976, -0.00290258546650804, 
-0.00142346984444652, -0.00227238006088397, -0.002025953687335, 
-0.0036026459352484, -0.00194271736449896, 0.00433107288006161, 
0.00253993776519698, -0.00376248541988972, -0.0017489307673546, 
-0.00391786445580313, 0.015487785963683, -0.002025953687335, 
-0.00376248541988972, -0.00326675216309392, -0.002025953687335, 
-0.00308883420453976, -0.00376244938025037, -0.002025953687335, 
-0.00308883420453976, -0.00308883420453976, -0.00391786445580313, 
-0.00227238006088397, -0.00182830624680823, -0.00249733659734967, 
-0.00227238006088397, 0.0126918007668269, -0.0450878203972423, 
1.00000000004181, 0, 0, 0.00381347475041155, 0.000809917208131829, 
0.00100542758230555, -0.00369233479358922, 0.00108363274034812, 
0.000684198639672118, 0.000568462947887616, 0.000650179644196813, 
0.000614768744116951, 0.000403224298042591, 0.000497043344407721, 
0.000684221078109786, 0.00140816486002784, -0.00267497947301967, 
0.00198281002276627, -0.00608539905873189, 0.000650179644196813, 
0.000348088599142113, 0.000403224298042591, 0.000614768744116951, 
0.000577699773879869, 0.000283312314711805, 0.00045227038537151, 
0.000403224298042591, 0.00071703237210578, 0.00201567186335326, 
-0.00484568104020638, -0.00418547922827726, 0.000748845124867052, 
0.000348088599142113, 0.000779770117326246, 0.000369717525941919, 
0.000403224298042591, 0.000748845124867052, 0.000650179644196813, 
0.000403224298042591, 0.000614768744116951, 0.000748865905163944, 
0.000403224298042591, 0.000614768744116951, 0.000614768744116951, 
0.000779770117326246, 0.00045227038537151, 0.000363871936094496, 
0.000497043344407721, 0.00045227038537151, -0.00252604118560859, 
0, 0, 0.963561831750231, -0.0450878202657927, 0.0124993018696494, 
0.00406933721676072, 0.0050516569312174, -0.0099009171961855, 
0.00544458988338206, 0.00343767851794699, -0.0137086855912355, 
0.00326675393045548, 0.00308883587636857, 0.00202595478354262, 
0.00249733794919825, 0.00343763960254348, -0.00218487532922168, 
-0.00539797402862461, -0.00626561297076052, -0.00732686596654175, 
0.00326675393045548, 0.00174893171399217, 0.00202595478354262, 
0.00308883587636857, 0.00290258703772435, 0.00142347061463001, 
0.0022723812912165, 0.00202595478354262, 0.00360264788521022, 
0.00194271841660209, -0.00433107522592826, -0.00253993914212618, 
0.00376248745580463, 0.00174893171399217, 0.00391786657518091, 
-0.0154877943401462, 0.00202595478354262, 0.00376248745580463, 
0.00326675393045548, 0.00202595478354262, 0.00308883587636857, 
0.00376245141614576, 0.00202595478354262, 0.00308883587636857, 
0.00308883587636857, 0.00391786657518091, 0.0022723812912165, 
0.00182830723624831, 0.00249733794919825, 0.0022723812912165, 
-0.0126918076341799, 0, 0, -0.0450878202504197, 0.999999999930696
), .Dim = c(51L, 51L))
